1
25
4
64
30
4
57
19
66
29
68
28
2
1
5
65
33
49
33
16
15
36
25
4
64
30
40
27 5 5 0 0,32 5 5 0 0,37 5 5 0 0,42 5 5 0 0,47 5 5 0 0,52 5 5 0 0,57 5 5 0 0,62 5 5 0 0,67 5 5 0 0,72 5 5 0 0,77 5 5 0 0,82 5 5 0 0,27 6 5 0 0,32 6 5 0 0,37 6 5 0 0,42 6 5 0 0,47 6 5 0 0,52 6 5 0 0,67 6 5 0 0,72 6 5 0 0,77 6 5 0 0,82 6 5 0 0,27 7 5 0 0,32 7 5 0 0,37 7 5 0 0,42 7 5 0 0,47 7 5 0 0,52 7 5 0 0,67 7 5 0 0,72 7 5 0 0,77 7 5 0 0,82 7 5 0 0,27 8 5 0 0,32 8 5 0 0,37 8 5 0 0,42 8 5 0 0,0
0
0
0
0
0
